coverage: 1.0
precision: 0.4399502177971375
recall: 0.4399502177971375
f1: 0.4399502177971375
