coverage: 1.0
precision: 0.09458618543870566
recall: 0.09458618543870566
f1: 0.09458618543870564
