coverage: 1.0
precision: 0.24268823895457373
recall: 0.24268823895457373
f1: 0.24268823895457373
