precision: 0.7319819819819819
recall: 0.9969325153374233
accuracy: 0.7333333333333333
f1: 0.8441558441558441
