precision: 0.7244444444444444
recall: 1.0
accuracy: 0.7244444444444444
f1: 0.8402061855670103
