precision: 0.7303370786516854
recall: 0.9969325153374233
accuracy: 0.7311111111111112
f1: 0.8430609597924773
