precision: 0.7678688524590164
recall: 0.9169929522317932
accuracy: 0.7444444444444445
f1: 0.8358315488936473
