precision: 0.7136465324384788
recall: 0.9992169146436961
accuracy: 0.715
f1: 0.8326264274061991
