precision: 0.7315789473684211
recall: 0.9796397807361003
accuracy: 0.7305555555555555
f1: 0.837629728824908
