precision: 0.7106288258208124
recall: 1.0
accuracy: 0.7111111111111111
f1: 0.8308392973324659
