precision: 0.7383891828336273
recall: 0.9835552075176194
accuracy: 0.7411111111111112
f1: 0.8435191403626596
