precision: 0.7119686800894854
recall: 0.9968676585747847
accuracy: 0.7116666666666667
f1: 0.830668841761827
