coverage: 1.0
precision: 0.4019912881144991
recall: 0.4019912881144991
f1: 0.4019912881144991
