coverage: 1.0
precision: 0.46608587429993775
recall: 0.46608587429993775
f1: 0.46608587429993775
