coverage: 1.0
precision: 0.4698195395146235
recall: 0.4698195395146235
f1: 0.4698195395146235
