coverage: 0.8628659476117103
precision: 0.04642857142857143
recall: 0.040061633281972264
f1: 0.043010752688172046
